32
720 864 1008 1152 1296 1440 1584 1728 720 864 1008 1152 1296 1440 1584 1728 720 864 1008 1152 1296 1440 1584 1728 720 864 1008 1152 1296 1440 1584 1728
720 864 1008 1152 1296 1440 1584 1728 720 864 1008 1152 1296 1440 1584 1728 720 864 1008 1152 1296 1440 1584 1728 720 864 1008 1152 1296 1440 1584 1728
720 864 1008 1152 1296 1440 1584 1728 720 864 1008 1152 1296 1440 1584 1728 720 864 1008 1152 1296 1440 1584 1728 720 864 1008 1152 1296 1440 1584 1728
720 864 1008 1152 1296 1440 1584 1728 720 864 1008 1152 1296 1440 1584 1728 720 864 1008 1152 1296 1440 1584 1728 720 864 1008 1152 1296 1440 1584 1728
720 864 1008 1152 1296 1440 1584 1728 720 864 1008 1152 1296 1440 1584 1728 720 864 1008 1152 1296 1440 1584 1728 720 864 1008 1152 1296 1440 1584 1728
720 864 1008 1152 1296 1440 1584 1728 720 864 1008 1152 1296 1440 1584 1728 720 864 1008 1152 1296 1440 1584 1728 720 864 1008 1152 1296 1440 1584 1728
720 864 1008 1152 1296 1440 1584 1728 720 864 1008 1152 1296 1440 1584 1728 720 864 1008 1152 1296 1440 1584 1728 720 864 1008 1152 1296 1440 1584 1728
720 864 1008 1152 1296 1440 1584 1728 720 864 1008 1152 1296 1440 1584 1728 720 864 1008 1152 1296 1440 1584 1728 720 864 1008 1152 1296 1440 1584 1728
2000 2400 2800 3200 3600 4000 4400 4800 2000 2400 2800 3200 3600 4000 4400 4800 2000 2400 2800 3200 3600 4000 4400 4800 2000 2400 2800 3200 3600 4000 4400 4800
2000 2400 2800 3200 3600 4000 4400 4800 2000 2400 2800 3200 3600 4000 4400 4800 2000 2400 2800 3200 3600 4000 4400 4800 2000 2400 2800 3200 3600 4000 4400 4800
2000 2400 2800 3200 3600 4000 4400 4800 2000 2400 2800 3200 3600 4000 4400 4800 2000 2400 2800 3200 3600 4000 4400 4800 2000 2400 2800 3200 3600 4000 4400 4800
2000 2400 2800 3200 3600 4000 4400 4800 2000 2400 2800 3200 3600 4000 4400 4800 2000 2400 2800 3200 3600 4000 4400 4800 2000 2400 2800 3200 3600 4000 4400 4800
2000 2400 2800 3200 3600 4000 4400 4800 2000 2400 2800 3200 3600 4000 4400 4800 2000 2400 2800 3200 3600 4000 4400 4800 2000 2400 2800 3200 3600 4000 4400 4800
2000 2400 2800 3200 3600 4000 4400 4800 2000 2400 2800 3200 3600 4000 4400 4800 2000 2400 2800 3200 3600 4000 4400 4800 2000 2400 2800 3200 3600 4000 4400 4800
2000 2400 2800 3200 3600 4000 4400 4800 2000 2400 2800 3200 3600 4000 4400 4800 2000 2400 2800 3200 3600 4000 4400 4800 2000 2400 2800 3200 3600 4000 4400 4800
2000 2400 2800 3200 3600 4000 4400 4800 2000 2400 2800 3200 3600 4000 4400 4800 2000 2400 2800 3200 3600 4000 4400 4800 2000 2400 2800 3200 3600 4000 4400 4800
720 864 1008 1152 1296 1440 1584 1728 720 864 1008 1152 1296 1440 1584 1728 720 864 1008 1152 1296 1440 1584 1728 720 864 1008 1152 1296 1440 1584 1728
720 864 1008 1152 1296 1440 1584 1728 720 864 1008 1152 1296 1440 1584 1728 720 864 1008 1152 1296 1440 1584 1728 720 864 1008 1152 1296 1440 1584 1728
720 864 1008 1152 1296 1440 1584 1728 720 864 1008 1152 1296 1440 1584 1728 720 864 1008 1152 1296 1440 1584 1728 720 864 1008 1152 1296 1440 1584 1728
720 864 1008 1152 1296 1440 1584 1728 720 864 1008 1152 1296 1440 1584 1728 720 864 1008 1152 1296 1440 1584 1728 720 864 1008 1152 1296 1440 1584 1728
720 864 1008 1152 1296 1440 1584 1728 720 864 1008 1152 1296 1440 1584 1728 720 864 1008 1152 1296 1440 1584 1728 720 864 1008 1152 1296 1440 1584 1728
720 864 1008 1152 1296 1440 1584 1728 720 864 1008 1152 1296 1440 1584 1728 720 864 1008 1152 1296 1440 1584 1728 720 864 1008 1152 1296 1440 1584 1728
720 864 1008 1152 1296 1440 1584 1728 720 864 1008 1152 1296 1440 1584 1728 720 864 1008 1152 1296 1440 1584 1728 720 864 1008 1152 1296 1440 1584 1728
720 864 1008 1152 1296 1440 1584 1728 720 864 1008 1152 1296 1440 1584 1728 720 864 1008 1152 1296 1440 1584 1728 720 864 1008 1152 1296 1440 1584 1728
2000 2400 2800 3200 3600 4000 4400 4800 2000 2400 2800 3200 3600 4000 4400 4800 2000 2400 2800 3200 3600 4000 4400 4800 2000 2400 2800 3200 3600 4000 4400 4800
2000 2400 2800 3200 3600 4000 4400 4800 2000 2400 2800 3200 3600 4000 4400 4800 2000 2400 2800 3200 3600 4000 4400 4800 2000 2400 2800 3200 3600 4000 4400 4800
2000 2400 2800 3200 3600 4000 4400 4800 2000 2400 2800 3200 3600 4000 4400 4800 2000 2400 2800 3200 3600 4000 4400 4800 2000 2400 2800 3200 3600 4000 4400 4800
2000 2400 2800 3200 3600 4000 4400 4800 2000 2400 2800 3200 3600 4000 4400 4800 2000 2400 2800 3200 3600 4000 4400 4800 2000 2400 2800 3200 3600 4000 4400 4800
2000 2400 2800 3200 3600 4000 4400 4800 2000 2400 2800 3200 3600 4000 4400 4800 2000 2400 2800 3200 3600 4000 4400 4800 2000 2400 2800 3200 3600 4000 4400 4800
2000 2400 2800 3200 3600 4000 4400 4800 2000 2400 2800 3200 3600 4000 4400 4800 2000 2400 2800 3200 3600 4000 4400 4800 2000 2400 2800 3200 3600 4000 4400 4800
2000 2400 2800 3200 3600 4000 4400 4800 2000 2400 2800 3200 3600 4000 4400 4800 2000 2400 2800 3200 3600 4000 4400 4800 2000 2400 2800 3200 3600 4000 4400 4800
2000 2400 2800 3200 3600 4000 4400 4800 2000 2400 2800 3200 3600 4000 4400 4800 2000 2400 2800 3200 3600 4000 4400 4800 2000 2400 2800 3200 3600 4000 4400 4800
